385
385
385
386
386
383
383
380
380
379
379
379
379
380
380
380
380
378
378
378
375
375
375
375
374
374
375
375
375
376
376
375
375
376
376
376
376
375
375
375
375
376
376
375
375
373
373
373
373
372
372
371
371
372
372
371
371
371
371
371
371
371
372
372
371
371
371
371
370
370
370
370
370
370
369
369
370
370
370
370
370
370
370
370
369
369
368
368
367
367
367
367
367
368
368
368
368
365
365
363
363
362
362
363
363
364
364
364
364
364
364
364
364
363
363
360
360
360
360
360
360
360
360
361
361
361
361
361
361
362
362
362
361
361
362
362
362
362
361
361
361
361
362
362
362
362
362
362
362
363
363
362
362
362
362
363
363
363
363
363
363
363
363
363
363
363
363
363
363
363
363
363
363
361
361
357
357
354
354
355
355
355
355
356
356
357
357
356
356
356
356
356
356
356
355
353
353
352
352
353
353
352
352
353
353
353
353
353
353
353
353
353
353
354
354
354
354
355
355
355
355
355
355
355
355
355
355
355
355
355
356
356
356
356
356
356
356
356
357
357
357
357
357
357
358
358
358
358
358
359
359
358
358
360
360
360
360
361
361
361
361
360
360
362
362
361
361
361
361
360
361
361
361
361
362
362
362
362
362
362
363
363
363
363
363
363
363
363
363
363
364
364
364
364
364
364
365
365
365
363
363
362
362
360
360
360
360
361
361
361
361
362
362
361
361
361
361
361
361
361
361
362
362
362
362
362
362
363
363
362
362
363
363
364
364
363
363
363
363
363
363
363
363
364
364
363
363
362
362
361
361
361
361
362
362
363
363
363
362
362
362
363
363
364
364
363
363
363
361
361
359
359
359
359
360
360
361
361
361
361
361
361
361
362
362
362
362
362
362
362
362
363
363
363
363
363
363
363
363
363
363
364
364
364
364
364
364
364
364
364
364
365
365
365
365
365
365
365
365
366
366
365
365
365
365
366
366
365
365
367
367
366
366
366
366
367
367
367
367
367
367
367
367
367
367
367
367
367
368
368
368
368
368
368
368
368
368
368
369
369
368
368
369
369
370
370
370
369
369
369
369
369
369
370
370
370
370
369
369
370
370
370
370
369
369
370
370
370
370
370
370
370
370
371
371
371
371
368
368
367
367
366
366
366
366
365
365
365
365
366
366
366
366
366
366
366
366
366
367
367
367
367
367
367
367
367
367
367
368
368
368
368
368
368
368
368
368
368
368
368
369
369
368
369
369
369
369
369
369
370
370
371
371
371
371
370
370
368
368
368
368
368
368
366
366
363
363
363
363
362
362
363
363
363
363
361
361
358
358
355
355
349
349
346
346
345
345
344
344
343
343
344
344
345
345
346
346
347
347
348
348
348
348
348
347
347
347
347
347
347
347
348
348
347
347
347
348
348
348
348
348
348
348
348
349
349
349
349
347
347
347
345
345
346
346
346
346
346
346
347
347
347
347
347
348
348
348
348
348
348
349
349
349
349
349
349
348
348
349
349
349
349
350
350
350
350
350
350
351
351
351
351
351
351
351
351
351
352
352
352
352
352
352
353
353
354
354
353
353
354
354
353
353
355
355
355
355
355
355
355
356
356
356
356
356
356
356
356
357
357
357
357
357
357
358
358
358
358
359
359
359
359
360
360
360
360
360
360
360
360
360
360
361
361
361
362
362
362
362
362
362
362
362
362
362
363
363
363
363
363
363
364
364
364
364
364
365
365
365
365
366
366
365
365
365
365
366
366
365
365
365
365
365
365
364
364
364
364
363
363
364
364
364
364
364
364
364
365
365
365
365
365
365
365
365
365
365
365
363
363
363
363
361
361
361
361
362
362
362
362
361
361
361
361
361
362
362
361
361
361
361
362
362
362
362
362
362
362
363
363
362
362
362
362
363
363
363
363
363
363
363
363
363
363
363
363
364
364
363
363
363
364
364
363
363
364
364
364
364
364
364
364
364
364
365
365
365
365
366
366
365
365
364
364
364
364
364
364
365
365
365
365
365
365
365
366
366
365
365
366
366
366
366
366
366
366
366
366
366
366
366
367
367
366
366
366
366
366
365
365
365
365
365
365
365
365
363
363
364
364
364
364
364
364
365
365
365
365
365
365
365
365
365
365
363
363
362
362
362
362
362
362
362
362
362
361
361
359
359
359
359
358
358
359
358
358
358
358
358
358
359
359
358
358
359
359
358
358
359
359
359
359
358
358
357
357
355
355
355
355
354
354
354
354
353
353
353
353
353
353
354
354
354
354
353
353
352
352
351
351
350
350
351
351
351
350
350
349
349
349
349
349
349
348
348
348
348
348
345
345
343
343
342
342
342
342
342
342
342
342
342
342
339
339
336
336
334
334
332
333
333
333
335
335
335
336
336
337
337
337
337
337
337
338
338
338
338
337
337
338
338
337
337
335
335
335
335
335
335
334
334
333
333
333
333
334
334
334
334
334
334
334
334
333
333
329
329
327
327
323
323
324
324
324
324
324
324
323
323
320
320
320
320
320
320
321
321
322
322
323
323
323
323
323
323
323
323
323
323
323
323
323
324
324
324
324
325
325
325
325
325
325
325
325
325
324
324
318
318
314
314
311
311
313
313
314
314
315
315
314
314
313
314
314
313
313
312
312
312
312
313
313
315
315
316
316
316
316
317
317
318
318
318
318
318
318
319
319
319
319
320
320
320
320
321
321
321
319
319
318
318
317
317
316
316
316
316
316
316
316
318
318
318
318
319
319
319
319
319
319
320
320
320
320
320
320
321
321
321
321
321
321
321
322
322
322
322
323
323
323
323
324
324
324
324
325
325
325
325
325
325
325
325
326
326
326
326
327
326
326
326
327
327
328
328
328
329
329
329
329
329
329
330
330
329
329
330
330
331
331
331
331
332
332
332
332
332
333
333
333
333
333
333
333
333
333
333
333
333
333
331
331
332
332
331
331
331
331
331
331
331
331
331
331
332
332
332
332
333
333
333
333
333
333
333
333
333
335
335
335
335
335
335
335
335
335
335
335
335
335
335
334
334
335
335
335
335
336
336
335
335
336
336
336
336
337
337
337
337
337
337
337
338
338
338
338
338
338
337
337
337
337
338
338
337
337
338
338
338
338
339
339
340
340
341
341
340
340
340
341
341
341
341
341
341
341
341
342
342
342
342
342
342
342
342
343
343
343
343
343
343
343
343
343
343
344
344
344
344
344
344
344
344
345
345
344
344
345
345
345
345
345
345
343
343
342
342
340
340
340
340
340
340
339
339
339
339
339
339
339
339
339
339
339
339
339
336
336
336
330
330
327
327
325
325
324
324
321
321
314
314
314
308
308
306
306
306
298
298
279
279
264
264
264
251
251
255
255
258
258
261
261
261
264
264
266
266
265
265
264
264
264
266
266
268
268
270
270
271
271
271
271
271
271
271
271
271
271
266
266
265
265
265
265
265
266
266
269
269
271
271
273
273
274
274
269
269
269
266
266
267
267
269
269
271
271
273
273
273
273
275
275
276
276
276
276
278
278
278
279
279
280
280
280
280
281
281
282
282
283
283
283
283
284
284
285
285
285
285
285
286
286
287
287
287
287
288
288
288
288
289
289
289
289
289
289
290
290
290
290
291
291
284
278
278
276
276
277
277
277
277
278
278
273
273
268
268
268
268
271
272
272
274
274
276
276
277
277
277
277
279
279
279
279
281
281
281
281
282
282
282
282
282
282
284
284
284
285
285
285
285
287
287
286
286
286
286
287
287
288
288
288
287
287
292
292
291
291
292
292
294
295
295
296
296
296
296
297
297
297
297
298
298
299
299
299
299
300
300
300
300
300
300
302
302
302
302
302
302
302
303
303
303
303
304
304
304
304
305
305
305
305
305
305
306
306
306
306
307
307
306
306
307
307
307
307
307
307
308
308
307
307
309
309
309
309
309
309
310
310
310
310
310
310
310
311
311
311
311
311
311
310
310
310
310
310
310
309
309
310
310
310
310
311
311
311
311
311
311
311
311
311
311
311
311
310
310
310
310
311
311
311
311
311
311
311
312
312
312
312
312
312
312
312
314
314
313
313
314
314
314
314
315
315
315
315
316
316
316
316
317
317
317
317
317
317
316
316
312
312
308
308
306
306
306
306
306
306
306
306
306
306
306
307
307
307
307
308
308
308
308
308
308
309
309
309
309
310
310
309
309
311
310
310
311
311
312
312
312
312
312
312
313
313
313
313
314
314
314
314
315
315
315
315
316
316
316
316
315
315
315
315
315
315
315
314
314
315
315
314
314
314
314
313
313
312
312
311
311
311
311
311
311
311
311
310
310
310
310
310
310
310
310
310
310
310
310
311
311
311
311
311
311
311
311
310
310
310
310
310
309
309
310
310
308
308
308
308
308
308
308
308
309
309
308
308
309
309
309
309
309
309
308
308
309
309
309
309
310
310
310
310
309
309
309
309
310
310
310
310
309
309
308
308
306
306
302
302
299
299
299
299
300
300
297
297
293
293
293
293
292
292
283
283
279
279
271
271
271
264
264
260
260
263
263
263
265
265
266
260
260
260
254
254
252
252
247
247
247
236
236
236
227
227
226
226
223
223
224
225
225
225
220
220
218
218
218
221
221
221
222
222
221
221
222
222
215
214
217
218
218
219
219
219
223
221
214
214
214
217
217
201
184
184
179
179
179
179
181
187
193
194
194
197
197
197
199
199
199
202
204
204
204
206
206
209
209
209
212
212
216
216
216
216
216
214
214
214
213
213
213
208
208
209
209
211
211
211
211
214
214
214
217
217
219
221
221
223
223
224
224
226
226
227
227
218
218
218
212
212
212
212
215
215
218
218
218
220
220
222
222
224
224
225
225
225
226
226
220
220
217
217
214
214
215
215
217
217
219
219
221
221
223
225
225
226
226
227
227
229
229
229
229
231
231
230
230
228
228
229
229
230
230
232
232
233
233
235
235
235
235
236
236
238
238
239
239
240
240
241
241
242
242
243
243
243
243
244
244
245
245
245
245
245
245
245
245
244
244
244
241
241
235
235
225
225
198
198
198
182
182
173
173
166
166
166
168
168
177
177
185
185
190
190
196
196
196
199
199
203
203
207
207
211
211
214
214
216
216
219
219
222
222
224
224
227
227
228
228
229
229
231
231
231
233
233
234
234
221
221
219
219
219
221
221
224
224
224
224
224
218
218
216
216
216
218
218
222
222
225
225
227
227
227
230
230
231
231
232
232
232
232
232
232
232
233
233
234
234
234
234
234
232
232
231
231
232
232
235
235
237
237
238
238
240
240
241
241
241
241
243
243
245
245
245
245
246
246
244
244
244
244
246
246
247
247
246
246
243
243
240
240
240
240
242
242
243
243
245
245
246
246
245
245
246
246
247
247
247
248
248
250
250
251
251
252
252
252
252
252
252
254
254
253
253
254
254
255
255
254
254
253
253
251
251
251
251
251
251
251
252
252
250
250
252
252
252
252
252
252
253
253
254
254
255
255
254
254
254
254
255
255
256
256
256
257
257
257
257
258
258
257
257
258
258
259
259
259
261
261
261
261
262
262
262
262
261
261
262
262
264
264
264
264
265
265
265
265
265
265
266
266
266
266
267
267
268
268
267
267
267
267
266
266
267
267
269
269
268
268
269
269
270
270
269
269
267
267
268
268
268
268
269
269
269
269
269
269
267
267
269
269
269
269
268
268
268
268
268
268
269
269
270
270
271
271
270
270
271
271
271
271
272
272
272
272
272
272
272
272
272
271
271
273
273
273
273
274
274
274
274
274
274
275
275
275
275
275
275
276
276
276
276
276
278
278
278
278
279
279
279
279
279
279
279
279
281
281
281
281
282
282
281
281
282
282
282
282
283
283
283
283
283
283
284
284
286
286
284
284
284
286
286
286
285
285
286
286
286
286
286
287
287
287
287
288
288
289
289
288
288
289
289
289
289
290
290
289
289
291
292
292
291
291
291
291
292
292
292
292
292
292
293
293
292
292
292
292
291
291
294
294
293
293
292
292
295
295
294
294
297
298
298
297
297
297
297
299
299
299
299
299
299
299
299
300
300
300
300
300
300
301
301
301
301
301
301
301
300
300
301
301
302
302
303
303
302
302
303
303
303
303
303
303
304
304
305
305
304
305
305
305
305
306
306
305
305
306
306
306
306
306
306
305
305
306
306
305
305
306
306
305
305
306
306
306
306
307
307
308
308
307
308
308
308
308
308
308
308
309
309
308
308
307
308
308
309
309
307
307
307
307
305
305
304
304
303
303
305
305
304
304
304
304
304
304
305
305
305
305
304
304
305
305
304
304
303
303
302
302
303
303
301
301
302
302
301
301
302
302
303
303
302
302
302
303
303
302
302
302
302
302
302
303
303
304
304
303
303
303
303
302
302
300
300
300
300
302
302
300
300
300
300
300
300
296
296
295
295
295
295
293
293
294
294
295
295
295
295
292
292
288
288
284
284
283
283
283
283
284
284
285
285
284
284
284
282
282
281
281
281
281
281
281
280
280
282
282
285
285
284
284
284
284
285
285
284
286
286
284
284
283
283
284
284
286
286
286
284
284
283
282
282
287
287
286
286
285
285
284
284
288
288
285
285
284
284
283
283
285
285
282
282
282
282
282
282
283
283
282
282
283
283
283
283
283
283
284
284
285
285
285
285
284
284
284
284
284
285
285
286
286
286
286
301
301
301
301
301
301
301
300
300
299
299
299
299
297
297
293
293
293
293
293
292
292
293
293
292
292
291
291
288
288
288
288
289
289
288
288
287
287
285
285
284
282
282
280
280
282
282
280
280
276
276
274
274
273
273
273
273
270
270
268
268
268
268
269
269
271
271
271
272
272
273
273
271
271
270
270
271
271
272
272
273
273
273
273
273
273
274
274
275
275
276
276
277
277
276
276
274
274
274
274
270
270
263
263
261
261
262
262
263
263
256
256
254
254
255
255
257
257
259
259
257
247
247
242
242
240
240
235
235
237
237
239
239
242
242
243
243
246
246
242
242
238
238
236
236
239
239
241
241
243
243
243
243
243
243
244
244
244
245
245
246
246
246
246
246
246
247
247
247
247
249
249
248
248
249
249
250
250
250
250
252
252
252
252
253
253
253
253
255
255
255
255
255
255
257
257
256
256
255
255
255
255
255
255
257
257
258
258
258
259
259
259
259
260
260
261
261
261
261
262
262
262
262
263
263
264
264
264
264
265
265
266
266
266
266
267
267
267
268
268
269
269
269
269
270
270
270
270
271
271
271
271
271
271
272
272
272
272
272
272
273
273
273
272
272
268
268
267
267
267
267
267
267
266
266
265
265
265
265
266
266
267
267
267
268
268
268
268
269
269
270
270
269
269
269
269
270
270
271
271
271
271
272
272
273
273
273
273
273
273
274
275
275
275
275
276
276
276
276
276
276
277
277
278
278
279
279
279
279
280
280
280
280
281
281
281
281
280
280
280
280
279
279
279
279
277
277
278
278
274
274
267
267
248
248
237
237
237
237
239
239
241
241
243
243
245
245
244
244
245
245
246
246
247
249
249
249
249
248
248
247
247
248
248
246
246
246
246
248
248
250
250
251
251
246
246
238
238
228
228
223
223
221
221
224
228
228
228
231
231
233
233
234
234
226
226
226
215
215
208
208
208
192
192
192
176
176
176
164
164
161
161
161
168
168
171
171
171
171
167
167
167
161
161
165
165
165
163
163
163
163
163
166
166
166
172
172
172
174
174
158
158
150
150
147
147
137
137
138
138
147
147
156
156
160
160
160
161
161
164
164
167
167
170
170
172
172
175
175
177
177
179
179
182
182
182
182
185
185
187
187
190
190
192
192
194
194
196
196
198
198
194
194
184
184
179
179
179
179
182
182
185
185
187
187
189
189
191
191
194
194
195
195
196
196
198
198
199
199
200
201
201
204
204
204
204
206
206
207
207
209
209
210
210
212
212
214
214
215
215
215
215
217
217
217
217
217
217
217
210
210
206
206
204
204
206
206
207
207
207
210
210
212
212
213
213
214
216
216
216
216
216
216
218
218
218
218
219
219
220
220
220
220
221
221
221
221
215
215
213
213
215
215
217
217
219
219
221
221
221
221
222
222
223
223
223
223
224
224
225
225
226
226
228
228
226
226
227
227
226
226
227
227
229
229
230
230
230
230
232
232
233
233
234
234
235
235
233
233
225
225
221
221
223
223
218
218
202
202
192
192
195
198
198
198
202
202
206
206
208
208
210
210
212
212
212
212
211
211
214
214
215
215
217
217
216
216
212
212
214
214
216
216
217
217
220
220
221
221
223
223
223
223
223
223
224
224
225
225
226
226
228
228
228
228
229
229
229
229
230
230
231
231
233
233
232
232
231
231
232
232
227
227
225
225
225
225
228
228
229
229
231
231
231
231
232
232
233
233
234
234
236
236
236
236
237
237
238
238
238
238
239
239
240
240
240
240
242
242
242
242
244
244
243
243
243
243
242
242
241
241
240
240
241
241
241
241
242
242
243
243
244
244
244
244
246
246
246
246
245
245
243
243
238
238
233
233
233
233
233
232
232
232
232
234
234
235
235
235
236
236
236
236
236
236
237
237
238
238
238
238
239
239
239
239
239
239
240
240
241
241
241
241
241
243
243
243
243
243
243
242
242
243
243
244
244
245
245
246
246
245
245
244
244
245
245
244
244
246
246
247
247
241
241
237
237
234
234
235
235
236
236
238
238
239
239
240
240
241
241
243
243
244
244
244
244
245
246
246
246
246
244
244
243
243
244
244
244
244
241
241
239
239
240
240
242
242
243
243
244
244
245
245
243
243
239
239
238
238
239
239
238
238
239
239
240
240
241
241
243
243
242
242
241
241
242
242
242
242
243
243
245
245
244
244
244
229
229
216
207
207
191
191
191
185
185
190
193
193
197
197
201
201
204
204
206
206
202
202
201
201
203
203
202
202
203
203
205
205
206
206
208
208
210
210
211
211
213
213
211
211
205
203
203
205
205
206
206
208
208
210
210
208
208
208
208
208
208
208
200
200
194
194
189
189
179
179
179
179
176
176
178
182
182
187
187
190
190
193
193
195
195
197
197
197
197
193
193
191
191
194
194
196
196
197
197
198
198
200
200
200
200
201
202
202
202
204
204
205
205
203
203
201
201
201
201
203
203
204
204
205
205
204
204
197
197
194
194
193
193
193
193
193
195
195
197
197
200
200
201
201
202
202
203
203
205
205
205
205
207
207
208
208
208
209
209
211
211
210
210
209
209
209
207
207
205
205
206
206
206
207
207
204
204
205
205
206
206
206
207
209
209
211
211
211
211
211
211
212
212
212
212
212
212
210
210
211
211
212
212
212
212
213
213
212
212
212
210
210
209
209
210
210
212
212
213
213
215
215
214
214
215
215
216
216
216
216
217
217
218
218
218
219
219
219
221
221
221
221
222
222
222
222
222
212
212
202
202
200
200
203
203
205
205
208
208
210
210
210
210
210
211
211
212
212
214
214
215
215
215
216
216
216
216
213
213
209
209
210
210
212
212
212
212
214
214
214
213
213
210
210
210
210
207
207
203
191
191
177
177
176
176
176
181
181
186
186
186
190
190
193
193
193
195
195
197
197
197
199
199
189
189
189
189
164
164
153
153
153
149
149
149
138
138
138
130
130
127
127
128
128
128
131
131
131
130
130
130
131
131
136
136
136
137
137
137
128
128
128
133
133
123
123
121
135
135
135
138
138
135
136
143
146
146
151
151
151
153
153
153
151
151
153
153
156
156
160
160
160
163
163
165
165
168
168
170
170
170
170
170
168
168
171
171
173
173
169
169
169
166
166
157
157
156
156
157
157
153
153
153
153
153
154
154
155
155
155
150
150
149
149
149
147
147
149
149
149
152
152
143
143
143
131
131
133
133
140
140
146
146
146
151
151
155
155
157
157
157
158
158
157
157
161
161
161
169
169
167
167
170
170
171
171
171
170
170
160
160
155
155
157
157
157
161
161
167
167
167
167
167
147
147
147
123
123
121
121
121
124
124
124
131
131
131
140
140
146
146
155
155
156
156
156
159
159
157
157
157
159
159
164
164
167
167
167
171
171
174
174
176
176
178
178
178
181
181
179
179
168
168
168
163
163
166
166
171
171
171
175
175
179
179
180
180
183
183
184
184
186
186
187
187
188
188
188
188
187
187
182
182
182
173
173
171
171
171
171
171
171
171
167
167
170
170 